$coord
        0.03350714557925       -0.30528963566899       -0.08824519793317      C 
        2.56826095642088        0.47624512089095       -0.80123045964166      N 
       -0.23061972051835       -0.15449978920837        2.77745234682195      C 
       -0.29076103330876        2.42379234689876        3.47499933562903      O 
        2.71642159736085        0.60686989412551       -2.70740850575551      H 
        2.90092727942985        2.21813082737110       -0.06823509050558      H 
       -0.27689019730845        2.54473707368721        5.28884528783442      H 
       -1.97800416140544       -1.10863135056491        3.37229798733923      H 
        1.39145865312879       -1.10945491088149        3.64773214979791      H 
       -0.23706201404894       -2.26248261597211       -0.69458641592540      H 
       -1.46695897716609        0.86587709953942       -0.93319096479846      H 
$end
