$coord
    5.55072236260235     -2.42948390658315      0.80901747344848       n
    4.40937780921673     -0.44470431148581     -0.11697926440358       c
    1.98572120235463     -0.39975986544028      0.19974974617982       o
    5.79342626106051      1.57531793805179     -1.40540104265189       c
    4.87564720951354      4.09078733429962     -1.43998950243981       c
    2.11298798918289      4.99686959411118      0.09711123979985      cl
    6.19280213717414      6.01094065062898     -2.63402088747165       c
    8.43615010913824      5.50037432915058     -3.87583693516380       c
    9.36962662112976      3.06038248702196     -3.91947266082463       c
    8.09325006175433      1.12531831706566     -2.69975046866937       c
    9.41176659473032     -1.84765820509390     -3.00169135143289      cl
    4.48214156694280     -3.77365147248282      1.65877992712286       h
    7.43245694647312     -2.71361091802535      0.57777281133226       h
    5.45098569264895      7.90938405898514     -2.59842525940182       h
    9.44831790171411      6.99997109469238     -4.81409382915011       h
   11.10618668755543      2.64618738518827     -4.90382978192579       h
    1.17388895518608      1.19883078787605     -0.29663406086262       h
$end
