$coord
        0.03687191558896        0.14227097131683       -0.04912223206223      C 
        0.20273071070507        0.20454374422326        2.82131399877369      C 
        2.68141907532204       -1.47760212050395       -1.32034814937979      CL
       -1.93421957841321        1.53365254566898        3.69301771934397      O 
       -1.89041791620692        1.60711522723016        5.50938978895857      H 
        0.22806256205000       -1.73481179594350        3.56390930312218      H 
        1.95680584635391        1.15548454011852        3.39767123445210      H 
       -1.66501506033541       -0.84640124923590       -0.65090736656976      H 
        0.03723391531761        2.05574278792016       -0.80775263238354      H 
$end
